553
12005
17452
6977
3636
22008
16705
2647
22066
25979
26239
135
7714
31078
9680
5795
4066
30511
26014
5373
8136
23010
27798
16415
30343
1140
15020
23996
12887
3669
29535
1510
17232
15940
15678
5248
26391
10087
15019
20215
1981
7323
32735
4653
484
28169
10798
7350
5668
9466
31884
18759
2477
12780
9553
19819
14893
16612
4409
20600
10484
10247
28591
28354
16726
9316
19531
32014
24144
22805
24985
8266
21359
17542
2332
3451
31982
8212
27794
1526
6942
24026
23674
25555
32011
14535
28628
19103
15965
2804
20776
20561
7292
24117
23753
12927
9976
27375
29787
27602
20263
31017
11155
15800
6928
22501
12862
600
32647
24240
8069
23243
9626
11640
623
3465
7980
7838
23463
10529
20192
8012
25728
16174
1849
25097
18230
19334
9471
8074
11383
7092
10468
22987
16929
19113
5223
21855
8014
9390
3577
15621
10638
1949
4190
9083
24435
4945
10583
22423
11347
15963
2942
16019
10569
8950
30577
10409
28541
6206
16434
21471
24485
27548
28366
4389
716
20101
18749
16285
26706
19556
16522
4666
9525
23764
2612
21388
22670
26131
26835
7130
22879
17331
26622
11634
29067
9619
3949
27453
18982
23310
20827
7574
27887
24178
14382
31068
32539
13492
5978
7494
6485
30050
17283
31095
24834
3800
5602
21843
18121
6839
16105
26512
3667
22163
11306
13456
847
5356
1397
9966
32698
14944
1344
5719
10077
6942
12364
12443
31895
19614
12422
30979
12892
16272
22316
20966
24446
13842
2608
17527
30507
27173
8417
31457
10936
30818
29640
8342
6300
25321
9168
7395
27840
16539
23723
23497
22006
27785
5744
6408
29894
18859
6793
24956
10097
28374
20428
16044
22320
20200
4584
16545
10941
12614
6147
23028
16916
3720
11937
16939
24443
9586
18632
21062
8640
23590
11362
3988
13250
16793
15842
22731
5426
17220
12074
26968
24731
27420
5548
9972
12960
14787
11216
28024
5766
28928
16790
19698
7154
25197
8317
28152
31219
5743
26275
4156
25410
24427
7469
22369
28617
11575
3561
23053
16227
13519
7218
10048
14819
16458
9493
13796
4183
15116
10930
29349
25486
20028
20196
24578
13271
8569
24868
31908
32268
5064
938
25583
10703
209
11222
23768
11540
26188
463
19190
2272
32182
25450
13787
847
7752
3661
23204
17116
31529
13652
31695
11997
4579
1331
25421
14669
23828
23645
19160
30158
8038
14885
7815
8686
23232
10531
19872
682
18366
10458
7597
15153
24927
23191
13266
234
22782
30108
18525
20663
1668
18046
14495
2428
10459
15820
27387
4059
2726
20977
14652
24386
24367
14428
21803
11304
27552
14814
23394
31635
20599
9811
2139
21470
1844
11140
17356
27321
26708
4940
30263
29809
19843
11514
23740
30834
9230
26103
20275
20234
919
21929
11383
11375
7436
16534
24836
23812
5594
22221
15301
5848
9053
12674
1319
1135
31387
21496
3186
27846
26675
13220
8025
7313
9360
2959
8144
29895
14434
32508
11293
16992
1359
20299
3378
17246
18149
10525
24378
32010
8148
19641
10354
18304
1882
5550
21050
12909
11006
9658
14444
10008
6273
14059
17132
27551
17426
22788
15744
27523
16065
7714
25058
26983
12598
31391
18452
32277
28323
23607
12532
2242
13303
15465
24336
29843
26453
12832
29115
30560
27588
18067
30305
11703
23848
4458
9239
14372
18545
24610
30070
15791
13330
27826
5290
30631
3252
26479
19910
10910
18988
22573
31578
12469
24747
6823
8520
31002
21045
31265
10707
8398
29781
12363
30969
2220
15886
19305
18947
3239
12820
16305
2906
16467
14653
10228
11420
21671
306
31105
4847
2817
13162
12103
10134
22890
6233
12345
13506
9243
31460
29943
1194
12353
24601
12458
30429
13310
26397
303
32727
10160
25957
27257
18131
15477
4905
8496
21985
7151
23574
26782
4152
21828
10308
1996
25293
7017
12647
6632
25381
14497
14409
15850
20583
23360
11896
27000
10933
8117
10299
25350
21692
31687
10955
10049
29578
28447
10944
15790
160
7431
20170
16526
16969
13169
19105
7174
7722
17211
26175
18556
31257
28081
1356
1092
7987
2900
17114
20604
21288
12250
30034
13620
7130
12149
11950
4307
24871
2392
3305
30389
24834
23416
28340
24857
10697
17295
24683
14907
3794
20839
21831
189
19272
28245
213
2891
18229
24067
25767
12159
13023
15475
26185
20482
27736
7489
374
5621
25425
12329
27276
22927
28463
3784
13630
32263
19297
6055
21385
17588
11760
31349
233
23411
11351
22932
28108
10825
25238
9432
16199
9289
4226
4491
14088
8120
8543
21428
6028
31088
20912
31896
6290
1922
26446
8834
32719
7967
12216
13760
12771
12729
14506
9966
20364
17765
30449
17015
13081
19588
20349
25944
25122
8354
14008
28455
18295
9374
23062
5460
18774
21003
2029
31664
4065
13783
18824
13867
4046
8234
25463
6114
11617
2961
12328
29529
2967
32604
2236
12292
23461
28997
12307
22797
16544
27218
29737
2385
7038
29436
31142
22700
21309
2704
26032
11894
28002
11734
23044
7501
2725
12529
30533
11285
7147
28806
22931
12350
25460
7712
17248
7493
5718
11219
27263
28030
12842
6944
7038
2064
23301
13081
10038
18497
21930
25029
20128
2548
29181
19654
8427
24431
31163
21817
32715
21602
30569
4830
15891
25125
27018
2681
3206
31042
13845
9080
10474
17459
29222
8405
863
1901
20980
8510
19951
17053
21763
27252
10854
30513
667
1009
27236
14362
19064
25805
5552
26320
24003
14562
10959
16791
5185
303
19926
9986
12747
4986
22908
12981
8190
15673
1651
5998
28723
3507
7417
23111
14769
2915
25770
21301
10274
22685
18072
5845
20036
2932
21917
11624
4321
15578
12528
15131
15873
4873
29943
32141
9310
19234
11868
17035
16152
1556
867
15390
18858
23744
1915
21959
20509
32603
27923
28425
3964
25619
2478
7976
14983
18677
24634
26161
30379
3342
9629
28474
9522
9424
29586
18411
19640
11704
7603
12605
14046
25902
23766
28034
5698
1709
17565
12198
18606
21795
14153
4020
2447
21403
19407
10395
10409
28953
23086
17203
6410
11205
8703
12923
27708
28492
16206
17701
3519
12932
25000
28756
21174
6223
31093
6052
12769
6081
20361
5739
14283
28549
15093
28222
2885
26748
26915
16055
5650
11176
27682
27254
9700
12105
830
3430
6536
32581
20948
10305
28253
25805
30820
9559
16906
12606
17384
6795
7280
12357
26468
27806
5598
1351
29631
14256
11652
30720
465
8451
25643
29802
17085
30211
28451
16864
27265
15491
6012
13699
10443
6218
6521
25565
9231
10702
6209
5572
10966
19007
31192
1153
3929
18631
16206
8498
24910
3345
11574
27501
31234
17160
22618
6950
3752
29665
27309
8659
15600
12379
13441
18125
17884
12357
24058
25338
27344
2881
19651
32681
8424
28361
4607
23741
3725
30063
29827
8718
1867
873
27458
16396
31197
19532
7176
17318
1162
26136
12908
8554
9141
3445
8960
15341
11951
32572
11978
10605
5839
2873
15096
31925
7365
17456
20687
5441
28715
28957
23013
15011
27997
9152
