32727 10160
32719 7967
32715 21602
32182 25450
32014 24144
31908 32268
31695 11997
31578 12469
31529 13652
31460 29943
31457 10936
31387 21496
31257 28081
31234 17160
31197 19532
31192 1153
31163 21817
31142 22700
31095 24834
31093 6052
31078 9680
31068 32539
31017 11155
30979 12892
30969 2220
30820 9559
30818 29640
30569 4830
30533 11285
30511 26014
30449 17015
30429 13310
30379 3342
30305 11703
30263 29809
30070 15791
30050 17283
30034 13620
29943 32141
29827 8718
29781 12363
29737 2385
29631 14256
29586 18411
29578 28447
29349 25486
29222 8405
29181 19654
29115 30560
28928 16790
28723 3507
28715 28957
28463 3784
28451 16864
28374 20428
28354 16726
28340 24857
28323 23607
28253 25805
28169 10798
28152 31219
28108 10825
28024 5766
28002 11734
27997 9152
27923 28425
27785 5744
27736 7489
27708 28492
27682 27254
27602 20263
27588 18067
27552 14814
27548 28366
27458 16396
27453 18982
27420 5548
27387 4059
27375 29787
27344 2881
27309 8659
27276 22927
27265 15491
27263 28030
27236 14362
27173 8417
27018 2681
26968 24731
26915 16055
26708 4940
26675 13220
26512 3667
26468 27806
26453 12832
26446 8834
26397 303
26188 463
26185 20482
26175 18556
26131 26835
26032 11894
25979 26239
25957 27257
25770 21301
25767 12159
25643 29802
25583 10703
25555 32011
25463 6114
25460 7712
25425 12329
25421 14669
25381 14497
25321 9168
25293 7017
25238 9432
25197 8317
25122 8354
25097 18230
25058 26983
25000 28756
24956 10097
24927 23191
24910 3345
24871 2392
24836 23812
24834 23416
24747 6823
24683 14907
24634 26161
24601 12458
24578 13271
24427 7469
24378 32010
24367 14428
24336 29843
24240 8069
24178 14382
24117 23753
24058 25338
24026 23674
24003 14562
23996 12887
23848 4458
23828 23645
23768 11540
23766 28034
23764 2612
23740 30834
23590 11362
23574 26782
23497 22006
23461 28997
23394 31635
23310 20827
23301 13081
23243 9626
23232 10531
23204 17116
23086 17203
23062 5460
23053 16227
23044 7501
23028 16916
23013 15011
23010 27798
22987 16929
22931 12350
22908 12981
22805 24985
22782 30108
22731 5426
22618 6950
22501 12862
22423 11347
22369 28617
22163 11306
22008 16705
21985 7151
21930 25029
21917 11624
21855 8014
21843 18121
21831 189
21803 11304
21763 27252
21692 31687
21471 24485
21388 22670
21385 17588
21309 2704
21288 12250
21174 6223
21062 8640
21050 12909
21045 31265
20980 8510
20966 24446
20948 10305
20912 31896
20687 5441
20600 10484
20599 9811
20583 23360
20561 7292
20509 32603
20364 17765
20361 5739
20349 25944
20275 20234
20215 1981
20200 4584
20170 16526
20128 2548
20101 18749
20036 2932
20028 20196
19951 17053
19926 9986
19910 10910
19872 682
19843 11514
19819 14893
19698 7154
19651 32681
19640 11704
19614 12422
19556 16522
19407 10395
19334 9471
19297 6055
19272 28245
19190 2272
19160 30158
19113 5223
19105 7174
19103 15965
19064 25805
18988 22573
18947 3239
18859 6793
18858 23744
18824 13867
18774 21003
18759 2477
18606 21795
18545 24610
18525 20663
18452 32277
18366 10458
18295 9374
18229 24067
18149 10525
18131 15477
18072 5845
17884 12357
17565 12198
17542 2332
17527 30507
17426 22788
17384 6795
17356 27321
17331 26622
17248 7493
17220 12074
17132 27551
17114 20604
17085 30211
16969 13169
16939 24443
16906 12606
16793 15842
16612 4409
16545 10941
16544 27218
16539 23723
16458 9493
16415 30343
16285 26706
16272 22316
16206 17701
16206 8498
16199 9289
16174 1849
16152 1556
16065 7714
16044 22320
16019 10569
15963 2942
15940 15678
15891 25125
15886 19305
15873 4873
15800 6928
15744 27523
15621 10638
15600 12379
15301 5848
15116 10930
15096 31925
15093 28222
14983 18677
14944 1344
14787 11216
14769 2915
14653 10228
14652 24386
14535 28628
14506 9966
14495 2428
14444 10008
14434 32508
14409 15850
14283 28549
14153 4020
14088 8120
14046 25902
14008 28455
13845 9080
13842 2608
13796 4183
13787 847
13630 32263
13519 7218
13506 9243
13492 5978
13456 847
13441 18125
13330 27826
13303 15465
13266 234
13162 12103
13081 19588
13023 15475
12927 9976
12908 8554
12842 6944
12820 16305
12780 9553
12771 12729
12769 6081
12747 4986
12647 6632
12614 6147
12598 31391
12532 2242
12528 15131
12443 31895
12328 29529
12307 22797
12216 13760
12005 17452
11978 10605
11951 32572
11950 4307
11896 27000
11868 17035
11760 31349
11652 30720
11640 623
11634 29067
11617 2961
11575 3561
11574 27501
11420 21671
11383 11375
11351 22932
11293 16992
11006 9658
10966 19007
10959 16791
10955 10049
10944 15790
10933 8117
10854 30513
10707 8398
10697 17295
10529 20192
10474 17459
10459 15820
10443 6218
10409 28953
10409 28541
10354 18304
10308 1996
10299 25350
10274 22685
10247 28591
10134 22890
10087 15019
10048 14819
10038 18497
9972 12960
9966 32698
9700 12105
9629 28474
9619 3949
9586 18632
9522 9424
9466 31884
9390 3577
9360 2959
9316 19531
9310 19234
9239 14372
9231 10702
9230 26103
9141 3445
9083 24435
9053 12674
8960 15341
8950 30577
8703 12923
8569 24868
8543 21428
8520 31002
8427 24431
8424 28361
8342 6300
8266 21359
8212 27794
8190 15673
8148 19641
8144 29895
8074 11383
8038 14885
8025 7313
8012 25728
7987 2900
7838 23463
7815 8686
7752 3661
7722 17211
7603 12605
7597 15153
7574 27887
7494 6485
7436 16534
7417 23111
7395 27840
7365 17456
7350 5668
7323 32735
7280 12357
7176 17318
7147 28806
7130 22879
7130 12149
7092 10468
7038 29436
7038 2064
6977 3636
6942 12364
6839 16105
6536 32581
6521 25565
6410 11205
6408 29894
6290 1922
6273 14059
6233 12345
6209 5572
6206 16434
6028 31088
6012 13699
5839 2873
5795 4066
5743 26275
5719 10077
5718 11219
5698 1709
5650 11176
5598 1351
5594 22221
5552 26320
5373 8136
5356 1397
5290 30631
5248 26391
5185 303
5064 938
4945 10583
4905 8496
4847 2817
4666 9525
4653 484
4607 23741
4579 1331
4389 716
4321 15578
4226 4491
4156 25410
4152 21828
4065 13783
4046 8234
3988 13250
3964 25619
3929 18631
3800 5602
3794 20839
3752 29665
3725 30063
3720 11937
3669 29535
3519 12932
3465 7980
3451 31982
3378 17246
3305 30389
3252 26479
3206 31042
3186 27846
2967 32604
2906 16467
2885 26748
2804 20776
2726 20977
2725 12529
2647 22066
2478 7976
2447 21403
2236 12292
2139 21470
2029 31664
1949 4190
1915 21959
1882 5550
1867 873
1844 11140
1668 18046
1651 5998
1526 6942
1510 17232
1359 20299
1356 1092
1319 1135
1194 12353
1162 26136
1140 15020
919 21929
867 15390
863 1901
830 3430
667 1009
600 32647
465 8451
374 5621
306 31105
233 23411
213 2891
209 11222
160 7431
135 7714
